-529.694255
-555.418634
-521.432850
-527.406721
-496.723626
-504.902297
-529.153879
-486.005588
-466.374644
-472.320765
-493.132561
-540.689827
-513.863783
-478.634510
-460.255568
-465.674945
-496.580078
-532.887434
-503.250987
-480.088736
-528.933935
-517.157702
-487.741892
-475.886828
-505.388817
-529.523394
-482.287255
-461.892577
-465.064649
-488.169545
-526.435744
-526.054497
-492.894033
-473.242482
-476.696535
-499.719170
-535.668144
-545.368906
-510.551668
-503.734360
-546.298248
-508.756761
-500.967971
-510.178904
-525.189957
-525.367180
-523.558101
-501.272731
-477.497690
-466.676856
-469.380132
-483.422781
-511.335778
-491.555068
-475.194435
-456.215844
-453.873495
-473.224266
-496.630675
-463.430821
-471.048881
-514.192006
-511.178166
-473.056916
-453.007339
-462.324496
-490.802626
-501.493593
-474.958297
-463.242933
-466.545524
-488.625669
-532.298916
-526.273108
-512.488290
-499.994027
-498.721419
-524.616442
-509.710732
-485.069609
-492.735287
-461.383518
-467.932507
-477.804482
-442.860032
-430.759798
-438.138048
-454.826997
-469.020654
-438.504224
-421.454856
-417.843531
-428.545587
-449.021439
-487.039488
-459.263934
-432.124431
-421.529315
-427.479038
-457.233491
-504.291765
-464.778912
-442.510900
-489.493322
-473.761115
-446.746118
-437.133524
-463.292646
-485.920605
-438.153064
-421.929108
-421.951079
-437.346650
-468.912873
-471.933086
-442.086486
-424.493143
-420.852063
-429.898571
-450.100210
-482.417910
-479.577149
-454.772071
-437.762887
-438.840879
-457.183559
-499.395372
-501.544481
-475.868804
-469.326321
-499.135645
-479.744588
-487.879263
-473.904781
-448.734690
-439.332540
-440.174153
-448.257235
-462.622771
-490.813943
-479.544427
-467.769325
-450.392073
-431.404418
-419.690994
-417.388286
-424.124355
-439.551666
-466.497124
-501.264576
-503.089628
-443.573998
-429.161314
-414.308051
-412.761059
-427.818832
-446.257261
-421.390086
-429.709109
-464.214924
-459.882466
-429.930790
-414.039201
-421.125348
-444.060905
-463.433313
-433.933147
-419.447201
-415.806971
-424.031897
-445.245896
-476.993438
-502.470810
-473.396830
-451.400623
-439.591224
-435.194810
-440.738854
-461.737100
-491.816277
-478.173165
-481.902369
-454.273897
-432.068636
-436.968315
-450.058966
-414.049548
-402.284539
-408.803781
-424.197868
-426.342101
-400.943707
-388.598925
-387.627971
-398.438526
-415.558479
-457.675186
-457.969595
-418.979626
-396.352431
-384.831912
-383.817113
-393.586108
-414.295247
-448.784562
-426.940681
-400.659337
-390.976443
-395.647420
-425.026356
-432.380025
-411.461546
-454.749860
-437.189755
-413.089869
-404.922534
-428.039897
-448.283132
-403.317545
-389.585624
-389.698170
-403.400381
-433.768701
-480.171999
-432.455569
-403.218576
-387.981566
-383.713195
-389.380459
-404.515569
-430.893505
-433.582684
-410.559969
-394.425414
-390.270741
-396.525651
-413.203055
-443.340772
-446.180245
-424.337591
-408.482890
-410.263445
-430.104969
-448.305117
-441.853202
-435.979370
-420.741854
-419.168933
-425.926077
-438.564629
-458.001981
-456.907428
-427.965077
-406.915127
-395.810095
-392.751365
-396.121752
-405.109253
-421.032718
-451.117100
-434.508838
-422.179938
-407.005734
-391.720841
-382.137746
-380.189656
-385.850693
-399.013017
-420.469554
-444.498857
-448.344819
-404.685430
-392.456050
-380.455301
-379.354534
-391.442928
-406.171448
-387.002253
-395.550818
-423.075640
-418.713496
-394.928031
-381.980602
-387.608183
-406.387142
-472.455078
-420.944652
-396.006488
-383.325105
-380.257062
-387.079189
-404.116235
-428.600587
-450.889344
-438.668792
-411.775038
-397.988921
-391.389286
-391.812861
-400.950373
-422.184843
-442.159292
-426.502227
-417.289931
-415.672251
-425.427004
-456.578439
-468.751981
-426.998917
-406.708284
-410.173482
-389.646919
-378.295930
-384.161545
-398.126308
-401.804897
-375.820588
-363.856423
-362.851852
-373.005194
-388.990802
-399.194573
-374.879198
-360.876373
-355.061580
-357.135229
-367.625799
-384.128540
-419.447168
-428.708470
-389.607637
-368.169614
-357.637918
-356.559875
-364.950309
-385.890427
-417.248831
-399.412579
-374.526328
-365.500916
-369.349252
-397.565130
-404.191844
-385.102824
-405.768153
-384.681828
-377.600553
-397.834541
-415.568513
-374.700534
-362.851317
-363.046254
-375.367285
-403.196718
-440.415545
-399.916196
-372.333038
-358.881295
-355.122076
-360.170614
-374.103928
-399.605228
-398.666253
-375.937485
-361.929879
-356.711196
-358.998530
-368.528132
-386.106796
-415.241548
-403.229245
-384.720144
-369.402930
-365.758589
-372.136162
-389.554745
-423.758636
-419.628127
-399.232160
-384.396603
-386.703077
-407.432649
-424.570223
-418.281201
-423.215674
-405.898960
-405.195568
-414.216906
-402.614919
-383.977510
-375.753499
-374.655502
-378.842122
-387.515241
-401.578529
-426.736301
-423.894531
-407.087050
-386.400450
-370.142177
-360.821890
-357.924862
-360.587845
-368.411636
-382.403004
-406.305265
-396.455408
-385.511555
-372.548682
-360.040488
-352.142989
-350.524677
-355.315618
-366.419246
-383.581922
-401.274163
-405.373566
-372.627953
-362.305655
-352.363339
-351.528387
-361.467947
-373.454936
-358.294989
-366.785160
-388.965389
-384.951116
-365.760782
-355.009067
-359.612059
-375.222028
-426.678791
-415.772854
-385.956496
-365.288272
-354.354446
-351.726503
-357.402848
-371.290749
-390.853434
-409.714066
-399.737699
-376.071761
-363.422789
-357.613784
-358.181738
-366.108911
-383.193379
-410.814279
-410.307935
-390.452652
-379.043716
-372.975530
-372.376643
-378.780400
-395.528488
-415.232700
-403.614797
-400.427762
-409.707694
