-3.6829035100e-02
-2.8400113500e-02
-2.6769380300e-02
-3.4643237200e-02
-6.9914001000e-03
-1.4414546200e-02
-2.0471273000e-02
-4.6831821200e-02
-3.4719695100e-02
-1.2407506100e-02
-2.9671431100e-02
-5.3279094800e-02
-2.8038023100e-02
-1.6358653000e-02
-3.3067431500e-02
-4.8456801100e-02
-5.4859200600e-02
-5.4889347900e-02
-3.2418405500e-02
-6.0248295300e-02
-7.2660530800e-02
-6.1701433000e-02
-5.3578513100e-02
-6.2914469300e-02
-6.4585233000e-02
-5.7493568700e-02
-6.6783644200e-02
-4.4416984800e-02
-3.5664777400e-02
-4.3390367100e-02
-4.9883602500e-02
-3.9230201300e-02
-2.4174834200e-02
-2.2426807100e-02
-2.9651224100e-02
-3.0449148700e-02
-6.5444264900e-02
-7.2653372800e-02
-3.6292882400e-02
-4.4105306300e-02
-2.7732294600e-02
-3.4834481900e-02
-2.6546707800e-02
1.1204594800e-02
-3.0136913500e-02
-1.7819327400e-02
1.4266499400e-02
2.1509383500e-02
2.9400214300e-02
4.4588072000e-03
3.6838168700e-02
3.3864644900e-02
3.3002355700e-02
4.2250120700e-02
3.9371649900e-02
2.8797182600e-02
2.7559661700e-02
3.7995897400e-02
4.1723870300e-02
3.4928770700e-02
2.2335290900e-02
3.4430863900e-02
3.3994146000e-02
-1.7093123400e-02
-3.5753903000e-03
-1.1297108700e-02
-1.1151653000e-03
6.1682910000e-03
-8.9796551000e-03
1.2725728000e-03
1.1165665700e-02
-9.1683988000e-03
5.4142275000e-03
7.7241521000e-03
1.1202994200e-02
5.2307505000e-03
6.1982032000e-03
1.5819248200e-02
1.2431182300e-02
1.9720130000e-03
1.2349862600e-02
2.2732228300e-02
1.7357770000e-04
-2.0439111100e-02
-2.6159023000e-02
-2.3869462100e-02
-2.3204889700e-02
-1.9821461800e-02
-6.8458386000e-03
4.3061631000e-03
-9.2394933000e-03
-1.5407289900e-02
-1.3099482800e-02
-2.8513994000e-03
-6.4161147000e-03
-1.5455047000e-02
-7.3344791000e-03
-1.4581397400e-02
-2.2842900600e-02
-6.0358749000e-03
-1.4944097600e-02
-2.3559538000e-02
-3.1687878900e-02
-1.7277543500e-02
-3.4711689500e-02
-2.8740247700e-02
-3.2251927700e-02
-2.7805589300e-02
-2.3440930600e-02
-2.8366128200e-02
-2.4429549900e-02
-2.1203112600e-02
-2.6489012600e-02
-2.3410588200e-02
-3.1666739600e-02
-1.9379166100e-02
-2.6234873500e-02
-1.5232338000e-02
-7.2128371000e-03
-9.6687273000e-03
-2.5386286400e-02
-2.3975878700e-02
-1.3204100600e-02
-1.6386467100e-02
-2.0194995600e-02
5.7686542000e-03
-2.4342366000e-03
6.8219823000e-03
6.5032822000e-03
-6.4024177000e-03
-1.4966689300e-02
-6.0415071000e-03
3.0130780000e-03
-1.8697710400e-02
-1.3890153800e-02
-1.3701297800e-02
-1.3604555700e-02
-1.0675513200e-02
-1.1913340900e-02
-1.9148748200e-02
-1.3891516500e-02
-1.4557344200e-02
-2.0574155100e-02
-3.2734636500e-02
1.8705997000e-03
1.1085928900e-02
-8.4242120000e-04
-8.3940997000e-03
5.2555225000e-03
1.3981518300e-02
6.7160618000e-03
-9.1921045000e-03
-7.8572750000e-04
1.1551278300e-02
1.2051193500e-02
3.5813989000e-03
-5.9857581000e-03
8.7614504000e-03
-1.5077418100e-02
-1.5984838200e-02
-2.4222904800e-02
-2.2847611800e-02
-1.9054983200e-02
-1.6379789800e-02
-4.3369518700e-02
-4.0408164000e-02
-3.7014869900e-02
-3.2590148900e-02
-3.0421342100e-02
-1.5880352500e-02
-1.3534901400e-02
-1.4871163400e-02
-1.8775849100e-02
-2.0291601100e-02
-2.3933557200e-02
-3.6043088000e-03
-6.3204196000e-03
-1.4380932400e-02
-2.7480204000e-03
-4.6578156700e-02
-3.9704847700e-02
-3.1536156900e-02
-2.4593735000e-02
-2.8325686800e-02
-4.1475156500e-02
-2.4291878300e-02
-1.9029707400e-02
-2.3203311100e-02
-2.3980437700e-02
-2.2662831900e-02
-2.9362956400e-02
-3.8992931300e-02
-4.4721665500e-02
-3.6932618800e-02
-3.8837066600e-02
-4.5182729800e-02
-5.1194139400e-02
-4.0692454300e-02
-3.7640383400e-02
-4.1132055500e-02
-4.9957920000e-02
-6.0459114100e-02
-4.4192778100e-02
-4.7466428400e-02
-5.6967154900e-02
-3.7155955600e-02
-3.5768615700e-02
-3.7715841700e-02
-4.4855937700e-02
-5.6169621900e-02
-3.6120071300e-02
-3.3471842200e-02
-3.7705508300e-02
-3.4579864500e-02
-2.2968678300e-02
-3.5559732200e-02
-2.9172002700e-02
-2.8690800100e-02
-1.0285418500e-02
-9.4627210000e-03
-2.6232151100e-02
-1.4439348100e-02
-1.9097860900e-02
-3.9833270200e-02
-1.1370147100e-02
-2.6065255400e-02
-4.5221023700e-02
-2.0041426400e-02
-4.0171952700e-02
-2.3153480300e-02
-7.9405158000e-03
-1.5830837400e-02
-3.7579419800e-02
-4.3391238600e-02
-2.4366876700e-02
-4.7750653600e-02
-5.3921977400e-02
-5.2910785000e-02
-4.6077738200e-02
-3.9000943500e-02
-5.5246824000e-02
-4.5692033800e-02
-5.6792506900e-02
-5.2302969300e-02
-4.9861595500e-02
-6.3752921100e-02
-4.4151047700e-02
-5.8309889100e-02
-5.1611847200e-02
-3.9984954600e-02
-2.8149168300e-02
-3.0609821600e-02
-3.0749452800e-02
-4.3627901900e-02
-3.7370368000e-02
-3.3821366500e-02
-2.6668295700e-02
-4.4291032300e-02
-3.3559248200e-02
-3.7821716400e-02
-4.3919198000e-02
-5.5463594600e-02
-6.1107555100e-02
-3.5098607600e-02
-2.8224497400e-02
-2.3300081700e-02
-2.7264077400e-02
9.0057859000e-03
-1.1849548400e-02
-2.2290536000e-02
-2.4877372500e-02
2.3636426000e-02
2.2089094500e-02
1.3648908900e-02
1.8326390200e-02
-1.2046546000e-02
1.6310788100e-02
3.7316450000e-03
2.7174299100e-02
2.5126601600e-02
3.1747477500e-02
3.0252170300e-02
2.4764228600e-02
2.3833267500e-02
2.9572457700e-02
3.3686824100e-02
3.1692433200e-02
2.4549413700e-02
2.4288409300e-02
3.1056066000e-02
3.1785823300e-02
2.7972945700e-02
1.9745878900e-02
2.7958345600e-02
2.5449046000e-02
-1.1144646700e-02
-2.8892176000e-03
-9.3190631000e-03
-1.8662975000e-03
4.2408563000e-03
-1.1245818800e-02
-3.2635044000e-03
2.9822364000e-03
1.0690539100e-02
-1.5765176100e-02
-5.6424807000e-03
2.5523028000e-03
1.3133664600e-02
-3.6266532000e-03
8.2017803000e-03
7.7278723000e-03
4.1970066000e-03
5.5260100000e-03
1.1183025000e-02
8.9256896000e-03
2.0199782000e-03
2.7558405000e-03
9.0096240000e-03
1.8422841700e-02
1.5153974500e-02
7.7840046000e-03
2.6312272000e-03
-1.2332836200e-02
-1.9188728500e-02
-1.9966739400e-02
-1.9064621100e-02
-1.8092207400e-02
-1.3010180400e-02
-1.7176950000e-03
1.6264805600e-02
2.2275885000e-03
-5.9702334000e-03
-1.2310569200e-02
-1.2931143400e-02
-9.3971802000e-03
-1.3558692000e-03
-6.3464689000e-03
-6.6159039000e-03
-1.2749349400e-02
-1.8118686300e-02
-1.4082381000e-03
-9.4608142000e-03
-1.5297229600e-02
-2.1466194000e-02
-2.8170079500e-02
-3.7303947000e-03
-1.2635599000e-02
-1.9474154800e-02
-2.6086575400e-02
-1.3501647200e-02
-2.2606634600e-02
-3.2394039100e-02
-2.6666438900e-02
-2.2555741000e-02
-2.7809556600e-02
-2.4589844300e-02
-2.1041286200e-02
-1.8660918100e-02
-2.4539534200e-02
-2.1561470500e-02
-1.9114977200e-02
-2.3005292600e-02
-2.1305017900e-02
-2.4963214800e-02
-2.4611415400e-02
-1.7394719100e-02
-1.7540317300e-02
-1.2105451300e-02
-1.0408393100e-02
-1.6241874700e-02
-1.6301736500e-02
-1.4428791300e-02
-1.9018215000e-02
-1.9768256700e-02
6.3233472000e-03
4.0430591000e-03
-3.2157025000e-03
-2.3306822000e-03
3.0874774000e-03
-1.5435348600e-02
-6.1669091000e-03
-1.3167301700e-02
-1.9450846400e-02
-1.0606270800e-02
-1.2406457100e-02
-1.7902254400e-02
-1.0647309900e-02
-1.1537911500e-02
-1.4413445700e-02
-1.9936557900e-02
-1.6850849200e-02
-2.0487221300e-02
-2.5829923600e-02
-2.2871659000e-03
5.1416694000e-03
-1.6207783000e-03
-6.8766531000e-03
2.3171829000e-03
8.7294962000e-03
3.8205209000e-03
-7.1340518000e-03
-3.2156880000e-04
7.3433635000e-03
9.0063659000e-03
4.2068541000e-03
-4.4486424000e-03
8.1992670000e-04
7.9187550000e-03
-1.6493209800e-02
-1.5809781700e-02
-2.1143786400e-02
-2.2635238800e-02
-2.0872193500e-02
-1.8397340600e-02
-1.6008366000e-02
-3.5526319700e-02
-3.3930994800e-02
-3.2133332700e-02
-2.9189040300e-02
-2.6190798800e-02
-2.3317638600e-02
-1.7090883100e-02
-4.3615292200e-02
-1.2802655300e-02
-1.2696491700e-02
-1.5216148100e-02
-1.7203356400e-02
-1.9077463900e-02
-6.9342991000e-03
-7.7822937000e-03
-1.0812470300e-02
-3.7305098000e-02
-2.8848842600e-02
-2.8760709000e-02
-3.5068534400e-02
-2.4829690000e-02
-2.1487152500e-02
-2.3214266200e-02
-2.9243806600e-02
-2.5105711700e-02
-2.0081437000e-02
-2.0942477000e-02
-2.7262306600e-02
-2.4147242400e-02
-2.2010570800e-02
-2.7363783800e-02
-2.6958056700e-02
-3.5666381400e-02
-4.0441602600e-02
-3.5578225300e-02
-3.4099817300e-02
-3.7076316400e-02
-3.8575818600e-02
-4.7352825300e-02
-3.8435585800e-02
-3.4478647700e-02
-3.4696584800e-02
-3.8446575300e-02
-4.4495641500e-02
-5.0518895000e-02
-3.5311382200e-02
-3.7313797900e-02
-4.2578083200e-02
-5.0705578700e-02
-4.5138938300e-02
-4.9416886200e-02
-3.5942434600e-02
-3.6284497600e-02
-3.8509299100e-02
-4.3675167900e-02
-5.2944556100e-02
-3.3420387500e-02
-3.2240290500e-02
-3.2163529900e-02
-3.4605463700e-02
-3.9781010100e-02
-3.2654999800e-02
-3.1063650500e-02
-3.1398151300e-02
-3.3461679900e-02
-3.0578441200e-02
-2.3574549700e-02
-3.7150304400e-02
-2.5141301700e-02
-2.9498138500e-02
-2.0432388700e-02
-2.6066000900e-02
-6.8411364000e-03
-6.8773196000e-03
-2.4351393800e-02
-1.4072762500e-02
-1.7380860800e-02
-1.1111621400e-02
-2.4204870700e-02
-1.7018069000e-02
-1.0148207900e-02
-1.8632980300e-02
-3.0260692500e-02
-2.8575176600e-02
-1.4813671300e-02
-3.5775228500e-02
-2.3352273200e-02
-3.0025184800e-02
-3.5141879800e-02
-1.9749850900e-02
-3.8689285800e-02
-4.3619397500e-02
-4.6998584400e-02
-3.6309692400e-02
-3.0084480900e-02
-4.5913389400e-02
-4.8243415100e-02
-4.0971985000e-02
-4.9987657300e-02
-4.7568571600e-02
-4.5433401300e-02
-4.0299897100e-02
-4.1062092000e-02
-5.1319685900e-02
-4.8064839600e-02
-3.2029317200e-02
-4.4001357500e-02
-3.6717446500e-02
-2.4622855100e-02
-2.4281706900e-02
-2.3824209500e-02
-3.4131269000e-02
-3.1271877600e-02
-4.3488027000e-02
-4.4399545700e-02
-4.8455679700e-02
-5.3696954700e-02
-2.8831897200e-02
-3.2638635500e-02
-3.1246168800e-02
-2.8836693200e-02
-2.1571468800e-02
-2.2784525200e-02
-1.7310646900e-02
6.9132406000e-03
-8.9204366000e-03
-1.7515330900e-02
4.4407740000e-04
1.5839532700e-02
1.2275188000e-02
1.6998841600e-02
5.4675028000e-03
1.2737744700e-02
2.0442295100e-02
1.5712999800e-02
-9.4994924000e-03
1.5421740000e-03
1.4019482200e-02
2.5763018000e-02
2.4561666300e-02
2.0267616300e-02
2.4183768400e-02
2.7163825400e-02
2.5612227700e-02
2.0205367500e-02
2.0355429800e-02
2.5318346500e-02
2.5269173600e-02
2.1660252000e-02
1.4362026100e-02
2.1959751400e-02
1.9431908900e-02
-1.0706863400e-02
-2.7386390000e-03
-1.6305169500e-02
-7.4499130000e-03
-1.3006018000e-03
4.3408885000e-03
-9.0314183000e-03
-2.5260941000e-03
3.1566887000e-03
1.0519221800e-02
-1.1863893700e-02
-3.8595516000e-03
3.3261714000e-03
1.3434574900e-02
-3.8524702000e-03
7.4370716000e-03
5.8735931000e-03
2.4234042000e-03
4.1305787000e-03
9.2988424000e-03
7.3809046000e-03
1.9496820000e-03
3.0773545000e-03
7.7966753000e-03
1.3693533500e-02
7.5116807000e-03
5.2215909000e-03
-8.6565286000e-03
-1.6122256000e-02
-1.8269809300e-02
-1.7735555400e-02
-1.7483348500e-02
-1.5805335200e-02
-9.8133536000e-03
1.5816100000e-03
2.4301630000e-03
-5.3279366000e-03
-1.1414861700e-02
-1.2177261000e-02
-8.9289719000e-03
-1.1771220000e-03
-6.0380015000e-03
-4.5555096000e-03
-1.0684718800e-02
-1.5424636300e-02
8.0163620000e-04
-7.4337450000e-03
-1.2902040100e-02
-1.8059140900e-02
-2.3556546800e-02
-9.4071390000e-04
-9.8504973000e-03
-1.5905515900e-02
-2.1394803700e-02
-2.9776642000e-02
-2.3888530100e-02
-1.9821665100e-02
-2.5708388600e-02
-2.2194297900e-02
-1.8826492900e-02
-2.2887362600e-02
-2.1884804300e-02
-1.9127596900e-02
-1.6446372400e-02
-2.0759858200e-02
-1.8485352500e-02
-2.4967828600e-02
-1.9299443500e-02
-1.8965017000e-02
-1.4134952700e-02
-1.1211494700e-02
-1.2640048800e-02
-1.8848445200e-02
-1.6043411200e-02
-1.4425733400e-02
-1.8145881400e-02
5.8752857000e-03
3.5111091000e-03
-1.8799693000e-03
-2.0594116000e-03
2.5290171000e-03
-1.2991871300e-02
-4.8396017000e-03
-1.2668659300e-02
-9.5624480000e-03
-1.1823155200e-02
-1.6407135100e-02
-9.1136894000e-03
-1.1017361000e-02
-1.3694017800e-02
-1.8144925300e-02
-2.4392659000e-02
-1.8760649700e-02
-2.2876885800e-02
-4.9105870000e-03
1.9346592000e-03
-4.1529384000e-03
-9.1714061000e-03
-7.1058310000e-04
5.4267871000e-03
1.6618954000e-03
-6.6632657000e-03
-1.1729072700e-02
-1.2969519000e-03
4.4384380000e-03
6.1702347000e-03
2.1403077000e-03
-4.9959968000e-03
-3.0758500000e-04
5.3396226000e-03
-1.6937528600e-02
-1.5385670400e-02
-2.0507828400e-02
-2.2548486800e-02
-2.1388195500e-02
-1.8953499800e-02
-1.6121170600e-02
-3.3845220400e-02
-3.3367722700e-02
-3.2605683500e-02
-3.0902654400e-02
-2.7878243100e-02
-2.4972996600e-02
-2.1456063700e-02
-4.6211189400e-02
-1.4852759800e-02
-1.4194568100e-02
-1.6013458100e-02
-1.8433240200e-02
-1.9486318100e-02
-2.1389534400e-02
-9.3940305000e-03
-1.0334741300e-02
-1.3075769600e-02
-3.8409458900e-02
-2.9144266600e-02
-2.7011017400e-02
-2.9983729600e-02
-3.6046927600e-02
-2.5937806400e-02
-2.1826639200e-02
-2.1792286100e-02
-2.5167355000e-02
-2.5823019700e-02
-2.0727619300e-02
-1.9910113100e-02
-2.3065242200e-02
-2.2665849700e-02
-2.1276009300e-02
-2.5770127300e-02
-2.4518894900e-02
-3.2649037400e-02
-3.7020626600e-02
-3.2852166000e-02
-3.1606480400e-02
-3.4068339100e-02
-3.6940829200e-02
-3.2545423700e-02
-3.1540549200e-02
-3.3243760800e-02
-3.7090184100e-02
-4.2078752900e-02
-3.3015531800e-02
-3.5999953500e-02
-4.1219774500e-02
-4.2047458000e-02
-4.6698488300e-02
-3.3118170400e-02
-3.4022426200e-02
-3.6619824100e-02
-4.1662745600e-02
-5.0532487100e-02
-2.9964707800e-02
-2.9580479000e-02
-3.0409280500e-02
-3.3101565000e-02
-3.7563323100e-02
-2.9045562000e-02
-2.8403105200e-02
-2.8921825800e-02
-3.0242183200e-02
-2.7225343200e-02
-2.3156256900e-02
-3.2420337900e-02
-2.6292527400e-02
-4.6833813000e-03
-4.7919220000e-03
-1.8752605000e-02
-1.3630237700e-02
-1.5949683600e-02
-9.3671489000e-03
-1.9550899400e-02
-3.1155345900e-02
-1.2319118800e-02
-8.0323050000e-03
-1.6025146000e-02
-2.5584867100e-02
-2.2038702300e-02
-1.0766702700e-02
-2.4030269300e-02
-1.4004013500e-02
-2.4955304000e-02
-2.9378846300e-02
-1.7112656300e-02
-3.0638683800e-02
-3.5227816100e-02
-3.7988274800e-02
-2.8412732300e-02
-2.2795883200e-02
-3.7055826300e-02
-4.1757050500e-02
-4.4367741300e-02
-3.7638266500e-02
-3.1897426600e-02
-4.3254985200e-02
-3.6120219000e-02
-4.1499983300e-02
-3.8109870300e-02
-3.3899796400e-02
-3.1836155300e-02
-3.5706531500e-02
-2.5708728100e-02
-2.7154745000e-02
-3.4131285300e-02
-3.0558224700e-02
-2.0791329800e-02
-1.9931014100e-02
-2.7605544500e-02
-2.7161367500e-02
-3.4322478200e-02
-3.0803979700e-02
-4.0284487900e-02
-4.3260150700e-02
-2.9140166500e-02
-3.1962870600e-02
-3.5264938000e-02
-4.1757060300e-02
-4.5410607100e-02
-2.7396325700e-02
-3.0412526700e-02
-2.6498015400e-02
-2.6017973700e-02
-2.2489793300e-02
-1.9945032400e-02
-1.8817397500e-02
-1.7960671100e-02
-2.1340660600e-02
3.2540690000e-04
-1.9058593400e-02
-1.1197583900e-02
5.0920919000e-03
-6.9229399000e-03
2.3324600000e-05
4.6125559000e-03
8.9573046000e-03
1.6832799700e-02
1.6105161400e-02
1.1606520400e-02
3.8810867000e-03
9.1540138000e-03
1.4051800900e-02
7.5147226000e-03
1.3386693900e-02
1.5350682100e-02
1.4489577000e-03
1.1571292100e-02
2.0162424000e-02
1.9180040100e-02
1.5803712600e-02
1.9007012000e-02
2.2019266900e-02
2.1054720100e-02
1.7738031800e-02
1.1277425700e-02
1.7738141900e-02
2.0887103100e-02
2.2084042400e-02
2.0686691500e-02
1.6092111200e-02
1.6725955300e-02
2.0674465000e-02
1.9886959700e-02
1.6861377100e-02
1.1276634900e-02
1.7349893500e-02
1.5008271000e-02
-2.7189236000e-03
-1.5781823500e-02
-7.8827241000e-03
-2.2321231000e-03
-1.5282669800e-02
-8.0579430000e-03
-2.6388671000e-03
2.1959141000e-03
-1.3257559700e-02
-6.5139353000e-03
-1.0159403000e-03
4.5601885000e-03
-1.0410048300e-02
-3.4223718000e-03
3.4057065000e-03
4.2232964000e-03
1.3520866000e-03
3.2903271000e-03
6.7003790000e-03
5.0412811000e-03
5.1511670000e-04
2.1594863000e-03
5.6323385000e-03
1.1041417300e-02
9.3018941000e-03
5.1203416000e-03
-1.6294055000e-03
3.4931121000e-03
-6.6359770000e-03
-1.2729528700e-02
-1.5033253300e-02
-1.5158324500e-02
-1.4812101000e-02
-1.3019712900e-02
-7.9767832000e-03
8.3222000000e-04
1.0025249000e-03
-4.8064847000e-03
-9.8473672000e-03
-1.0687923100e-02
-7.9378732000e-03
-1.7350909000e-03
-5.7028874000e-03
-4.8387944000e-03
-1.0194355100e-02
9.4862310000e-04
-6.2454347000e-03
-1.1125221400e-02
-1.5527030000e-02
-2.0412001900e-02
3.4656015000e-03
-5.3574675000e-03
-1.0767395600e-02
-1.5272212200e-02
-1.9564106800e-02
-5.1251950000e-04
-8.8877078000e-03
-1.4472224500e-02
-2.3728513900e-02
-1.8661419100e-02
-2.5656743300e-02
-2.1329680900e-02
-1.7626760400e-02
-2.3155591100e-02
-2.1832343400e-02
-1.8924510900e-02
-1.5921891600e-02
-1.9886484800e-02
-1.7480517700e-02
-1.4651958900e-02
-1.8874781600e-02
-2.1827504400e-02
-1.8656175500e-02
-1.5010601800e-02
-1.7754665900e-02
-1.4189585800e-02
-1.2461398700e-02
-1.3616446000e-02
-1.7492920600e-02
-1.5680752700e-02
-1.4494116300e-02
-1.6959680700e-02
2.6554306000e-03
-1.1969671000e-03
-9.2052360000e-04
2.3216978000e-03
-1.6062772000e-02
-8.3641311000e-03
-2.1386560000e-03
-1.2231612800e-02
-8.9627186000e-03
-1.1962228400e-02
-1.6944852500e-02
-7.4511341000e-03
-9.8510198000e-03
-1.2601751800e-02
-1.6722005600e-02
-2.2983204000e-02
-1.1076542500e-02
-1.3601001100e-02
-1.6901530400e-02
-2.1186102100e-02
-2.2645863000e-02
-6.6181936000e-03
-9.8775870000e-04
-5.8145785000e-03
-3.0909358000e-03
2.4273339000e-03
-6.4237190000e-04
-7.4951449000e-03
-3.0003759000e-03
1.6144239000e-03
3.9901793000e-03
1.1533073000e-03
-4.4736109000e-03
-7.7535552000e-03
-5.2415700000e-04
3.4281486000e-03
-1.8569470000e-03
-1.6892130900e-02
-1.5072062000e-02
-1.8935771300e-02
-2.1034384900e-02
-2.0429528900e-02
-1.8361504900e-02
-1.5755977400e-02
-2.8254535200e-02
-2.8516656700e-02
-2.8089050300e-02
-2.6764492100e-02
-2.4404259700e-02
-2.1760540800e-02
-1.8494790800e-02
-3.4405266900e-02
-3.0839549400e-02
-1.9461872600e-02
-1.4061510400e-02
-1.3541766700e-02
-1.4858204600e-02
-1.6666418300e-02
-1.7818879200e-02
-1.9931087400e-02
-1.0667551300e-02
-1.1510904700e-02
-1.3820428300e-02
-3.0016889500e-02
-2.7952823600e-02
-2.8738037200e-02
-2.3833493900e-02
-2.2566319400e-02
-2.4137737300e-02
-2.4596287900e-02
-2.0752702600e-02
-1.9897071300e-02
-2.1575548000e-02
-2.3475831900e-02
-2.0082137400e-02
-1.9610858600e-02
-2.2171408800e-02
-2.0874128700e-02
-2.0666490200e-02
-2.4108892700e-02
-3.0024030100e-02
-3.3013273400e-02
-3.0343987800e-02
-2.9406138300e-02
-3.1010817200e-02
-3.9834613000e-02
-3.3429435500e-02
-2.9997923100e-02
-2.9120171300e-02
-3.0299548400e-02
-3.3015842700e-02
-3.6371498400e-02
-3.0199946500e-02
-2.9536361700e-02
-3.0617053200e-02
-3.3228446400e-02
-3.7173656200e-02
-3.3101351500e-02
-3.4517552900e-02
-3.7514761200e-02
-4.2990002800e-02
-2.8902789000e-02
-2.9139538700e-02
-3.0240394800e-02
-3.2637494500e-02
-3.6725061600e-02
-2.7089527900e-02
-2.6938626700e-02
-2.7650699500e-02
-2.9622087300e-02
-3.2475737000e-02
-2.5981203200e-02
-2.6491503500e-02
-2.6773017500e-02
-2.4513260400e-02
