-0.036829
-0.028400
-0.026769
-0.034643
-0.006991
-0.014415
-0.020471
-0.046832
-0.034720
-0.012408
-0.029671
-0.053279
-0.028038
-0.016359
-0.033067
-0.048457
-0.054859
-0.054889
-0.032418
-0.060248
-0.072661
-0.061701
-0.053579
-0.062914
-0.064585
-0.057494
-0.066784
-0.044417
-0.035665
-0.043390
-0.049884
-0.039230
-0.024175
-0.022427
-0.029651
-0.030449
-0.065444
-0.072653
-0.036293
-0.044105
-0.027732
-0.034834
-0.026547
 0.011205
-0.030137
-0.017819
 0.014266
 0.021509
 0.029400
 0.004459
 0.036838
 0.033865
 0.033002
 0.042250
 0.039372
 0.028797
 0.027560
 0.037996
 0.041724
 0.034929
 0.022335
 0.034431
 0.033994
-0.017093
-0.003575
-0.011297
-0.001115
 0.006168
-0.008980
 0.001273
 0.011166
-0.009168
 0.005414
 0.007724
 0.011203
 0.005231
 0.006198
 0.015819
 0.012431
 0.001972
 0.012350
 0.022732
 0.000174
-0.020439
-0.026159
-0.023869
-0.023205
-0.019821
-0.006846
 0.004306
-0.009239
-0.015407
-0.013099
-0.002851
-0.006416
-0.015455
-0.007334
-0.014581
-0.022843
-0.006036
-0.014944
-0.023560
-0.031688
-0.017278
-0.034712
-0.028740
-0.032252
-0.027806
-0.023441
-0.028366
-0.024430
-0.021203
-0.026489
-0.023411
-0.031667
-0.019379
-0.026235
-0.015232
-0.007213
-0.009669
-0.025386
-0.023976
-0.013204
-0.016386
-0.020195
 0.005769
-0.002434
 0.006822
 0.006503
-0.006402
-0.014967
-0.006042
 0.003013
-0.018698
-0.013890
-0.013701
-0.013605
-0.010676
-0.011913
-0.019149
-0.013892
-0.014557
-0.020574
-0.032735
 0.001871
 0.011086
-0.000842
-0.008394
 0.005256
 0.013982
 0.006716
-0.009192
-0.000786
 0.011551
 0.012051
 0.003581
-0.005986
 0.008761
-0.015077
-0.015985
-0.024223
-0.022848
-0.019055
-0.016380
-0.043370
-0.040408
-0.037015
-0.032590
-0.030421
-0.015880
-0.013535
-0.014871
-0.018776
-0.020292
-0.023934
-0.003604
-0.006320
-0.014381
-0.002748
-0.046578
-0.039705
-0.031536
-0.024594
-0.028326
-0.041475
-0.024292
-0.019030
-0.023203
-0.023980
-0.022663
-0.029363
-0.038993
-0.044722
-0.036933
-0.038837
-0.045183
-0.051194
-0.040692
-0.037640
-0.041132
-0.049958
-0.060459
-0.044193
-0.047466
-0.056967
-0.037156
-0.035769
-0.037716
-0.044856
-0.056170
-0.036120
-0.033472
-0.037706
-0.034580
-0.022969
-0.035560
-0.029172
-0.028691
-0.010285
-0.009463
-0.026232
-0.014439
-0.019098
-0.039833
-0.011370
-0.026065
-0.045221
-0.020041
-0.040172
-0.023153
-0.007941
-0.015831
-0.037579
-0.043391
-0.024367
-0.047751
-0.053922
-0.052911
-0.046078
-0.039001
-0.055247
-0.045692
-0.056793
-0.052303
-0.049862
-0.063753
-0.044151
-0.058310
-0.051612
-0.039985
-0.028149
-0.030610
-0.030749
-0.043628
-0.037370
-0.033821
-0.026668
-0.044291
-0.033559
-0.037822
-0.043919
-0.055464
-0.061108
-0.035099
-0.028224
-0.023300
-0.027264
 0.009006
-0.011850
-0.022291
-0.024877
 0.023636
 0.022089
 0.013649
 0.018326
-0.012047
 0.016311
 0.003732
 0.027174
 0.025127
 0.031747
 0.030252
 0.024764
 0.023833
 0.029572
 0.033687
 0.031692
 0.024549
 0.024288
 0.031056
 0.031786
 0.027973
 0.019746
 0.027958
 0.025449
-0.011145
-0.002889
-0.009319
-0.001866
 0.004241
-0.011246
-0.003264
 0.002982
 0.010691
-0.015765
-0.005642
 0.002552
 0.013134
-0.003627
 0.008202
 0.007728
 0.004197
 0.005526
 0.011183
 0.008926
 0.002020
 0.002756
 0.009010
 0.018423
 0.015154
 0.007784
 0.002631
-0.012333
-0.019189
-0.019967
-0.019065
-0.018092
-0.013010
-0.001718
 0.016265
 0.002228
-0.005970
-0.012311
-0.012931
-0.009397
-0.001356
-0.006346
-0.006616
-0.012749
-0.018119
-0.001408
-0.009461
-0.015297
-0.021466
-0.028170
-0.003730
-0.012636
-0.019474
-0.026087
-0.013502
-0.022607
-0.032394
-0.026666
-0.022556
-0.027810
-0.024590
-0.021041
-0.018661
-0.024540
-0.021561
-0.019115
-0.023005
-0.021305
-0.024963
-0.024611
-0.017395
-0.017540
-0.012105
-0.010408
-0.016242
-0.016302
-0.014429
-0.019018
-0.019768
 0.006323
 0.004043
-0.003216
-0.002331
 0.003087
-0.015435
-0.006167
-0.013167
-0.019451
-0.010606
-0.012406
-0.017902
-0.010647
-0.011538
-0.014413
-0.019937
-0.016851
-0.020487
-0.025830
-0.002287
 0.005142
-0.001621
-0.006877
 0.002317
 0.008729
 0.003821
-0.007134
-0.000322
 0.007343
 0.009006
 0.004207
-0.004449
 0.000820
 0.007919
-0.016493
-0.015810
-0.021144
-0.022635
-0.020872
-0.018397
-0.016008
-0.035526
-0.033931
-0.032133
-0.029189
-0.026191
-0.023318
-0.017091
-0.043615
-0.012803
-0.012696
-0.015216
-0.017203
-0.019077
-0.006934
-0.007782
-0.010812
-0.037305
-0.028849
-0.028761
-0.035069
-0.024830
-0.021487
-0.023214
-0.029244
-0.025106
-0.020081
-0.020942
-0.027262
-0.024147
-0.022011
-0.027364
-0.026958
-0.035666
-0.040442
-0.035578
-0.034100
-0.037076
-0.038576
-0.047353
-0.038436
-0.034479
-0.034697
-0.038447
-0.044496
-0.050519
-0.035311
-0.037314
-0.042578
-0.050706
-0.045139
-0.049417
-0.035942
-0.036284
-0.038509
-0.043675
-0.052945
-0.033420
-0.032240
-0.032164
-0.034605
-0.039781
-0.032655
-0.031064
-0.031398
-0.033462
-0.030578
-0.023575
-0.037150
-0.025141
-0.029498
-0.020432
-0.026066
-0.006841
-0.006877
-0.024351
-0.014073
-0.017381
-0.011112
-0.024205
-0.017018
-0.010148
-0.018633
-0.030261
-0.028575
-0.014814
-0.035775
-0.023352
-0.030025
-0.035142
-0.019750
-0.038689
-0.043619
-0.046999
-0.036310
-0.030084
-0.045913
-0.048243
-0.040972
-0.049988
-0.047569
-0.045433
-0.040300
-0.041062
-0.051320
-0.048065
-0.032029
-0.044001
-0.036717
-0.024623
-0.024282
-0.023824
-0.034131
-0.031272
-0.043488
-0.044400
-0.048456
-0.053697
-0.028832
-0.032639
-0.031246
-0.028837
-0.021571
-0.022785
-0.017311
 0.006913
-0.008920
-0.017515
 0.000444
 0.015840
 0.012275
 0.016999
 0.005468
 0.012738
 0.020442
 0.015713
-0.009499
 0.001542
 0.014019
 0.025763
 0.024562
 0.020268
 0.024184
 0.027164
 0.025612
 0.020205
 0.020355
 0.025318
 0.025269
 0.021660
 0.014362
 0.021960
 0.019432
-0.010707
-0.002739
-0.016305
-0.007450
-0.001301
 0.004341
-0.009031
-0.002526
 0.003157
 0.010519
-0.011864
-0.003860
 0.003326
 0.013435
-0.003852
 0.007437
 0.005874
 0.002423
 0.004131
 0.009299
 0.007381
 0.001950
 0.003077
 0.007797
 0.013694
 0.007512
 0.005222
-0.008657
-0.016122
-0.018270
-0.017736
-0.017483
-0.015805
-0.009813
 0.001582
 0.002430
-0.005328
-0.011415
-0.012177
-0.008929
-0.001177
-0.006038
-0.004556
-0.010685
-0.015425
 0.000802
-0.007434
-0.012902
-0.018059
-0.023557
-0.000941
-0.009850
-0.015906
-0.021395
-0.029777
-0.023889
-0.019822
-0.025708
-0.022194
-0.018826
-0.022887
-0.021885
-0.019128
-0.016446
-0.020760
-0.018485
-0.024968
-0.019299
-0.018965
-0.014135
-0.011211
-0.012640
-0.018848
-0.016043
-0.014426
-0.018146
 0.005875
 0.003511
-0.001880
-0.002059
 0.002529
-0.012992
-0.004840
-0.012669
-0.009562
-0.011823
-0.016407
-0.009114
-0.011017
-0.013694
-0.018145
-0.024393
-0.018761
-0.022877
-0.004911
 0.001935
-0.004153
-0.009171
-0.000711
 0.005427
 0.001662
-0.006663
-0.011729
-0.001297
 0.004438
 0.006170
 0.002140
-0.004996
-0.000308
 0.005340
-0.016938
-0.015386
-0.020508
-0.022548
-0.021388
-0.018953
-0.016121
-0.033845
-0.033368
-0.032606
-0.030903
-0.027878
-0.024973
-0.021456
-0.046211
-0.014853
-0.014195
-0.016013
-0.018433
-0.019486
-0.021390
-0.009394
-0.010335
-0.013076
-0.038409
-0.029144
-0.027011
-0.029984
-0.036047
-0.025938
-0.021827
-0.021792
-0.025167
-0.025823
-0.020728
-0.019910
-0.023065
-0.022666
-0.021276
-0.025770
-0.024519
-0.032649
-0.037021
-0.032852
-0.031606
-0.034068
-0.036941
-0.032545
-0.031541
-0.033244
-0.037090
-0.042079
-0.033016
-0.036000
-0.041220
-0.042047
-0.046698
-0.033118
-0.034022
-0.036620
-0.041663
-0.050532
-0.029965
-0.029580
-0.030409
-0.033102
-0.037563
-0.029046
-0.028403
-0.028922
-0.030242
-0.027225
-0.023156
-0.032420
-0.026293
-0.004683
-0.004792
-0.018753
-0.013630
-0.015950
-0.009367
-0.019551
-0.031155
-0.012319
-0.008032
-0.016025
-0.025585
-0.022039
-0.010767
-0.024030
-0.014004
-0.024955
-0.029379
-0.017113
-0.030639
-0.035228
-0.037988
-0.028413
-0.022796
-0.037056
-0.041757
-0.044368
-0.037638
-0.031897
-0.043255
-0.036120
-0.041500
-0.038110
-0.033900
-0.031836
-0.035707
-0.025709
-0.027155
-0.034131
-0.030558
-0.020791
-0.019931
-0.027606
-0.027161
-0.034322
-0.030804
-0.040284
-0.043260
-0.029140
-0.031963
-0.035265
-0.041757
-0.045411
-0.027396
-0.030413
-0.026498
-0.026018
-0.022490
-0.019945
-0.018817
-0.017961
-0.021341
 0.000325
-0.019059
-0.011198
 0.005092
-0.006923
 0.000023
 0.004613
 0.008957
 0.016833
 0.016105
 0.011607
 0.003881
 0.009154
 0.014052
 0.007515
 0.013387
 0.015351
 0.001449
 0.011571
 0.020162
 0.019180
 0.015804
 0.019007
 0.022019
 0.021055
 0.017738
 0.011277
 0.017738
 0.020887
 0.022084
 0.020687
 0.016092
 0.016726
 0.020674
 0.019887
 0.016861
 0.011277
 0.017350
 0.015008
-0.002719
-0.015782
-0.007883
-0.002232
-0.015283
-0.008058
-0.002639
 0.002196
-0.013258
-0.006514
-0.001016
 0.004560
-0.010410
-0.003422
 0.003406
 0.004223
 0.001352
 0.003290
 0.006700
 0.005041
 0.000515
 0.002159
 0.005632
 0.011041
 0.009302
 0.005120
-0.001629
 0.003493
-0.006636
-0.012730
-0.015033
-0.015158
-0.014812
-0.013020
-0.007977
 0.000832
 0.001003
-0.004806
-0.009847
-0.010688
-0.007938
-0.001735
-0.005703
-0.004839
-0.010194
 0.000949
-0.006245
-0.011125
-0.015527
-0.020412
 0.003466
-0.005357
-0.010767
-0.015272
-0.019564
-0.000513
-0.008888
-0.014472
-0.023729
-0.018661
-0.025657
-0.021330
-0.017627
-0.023156
-0.021832
-0.018925
-0.015922
-0.019886
-0.017481
-0.014652
-0.018875
-0.021828
-0.018656
-0.015011
-0.017755
-0.014190
-0.012461
-0.013616
-0.017493
-0.015681
-0.014494
-0.016960
 0.002655
-0.001197
-0.000921
 0.002322
-0.016063
-0.008364
-0.002139
-0.012232
-0.008963
-0.011962
-0.016945
-0.007451
-0.009851
-0.012602
-0.016722
-0.022983
-0.011077
-0.013601
-0.016902
-0.021186
-0.022646
-0.006618
-0.000988
-0.005815
-0.003091
 0.002427
-0.000642
-0.007495
-0.003000
 0.001614
 0.003990
 0.001153
-0.004474
-0.007754
-0.000524
 0.003428
-0.001857
-0.016892
-0.015072
-0.018936
-0.021034
-0.020430
-0.018362
-0.015756
-0.028255
-0.028517
-0.028089
-0.026764
-0.024404
-0.021761
-0.018495
-0.034405
-0.030840
-0.019462
-0.014062
-0.013542
-0.014858
-0.016666
-0.017819
-0.019931
-0.010668
-0.011511
-0.013820
-0.030017
-0.027953
-0.028738
-0.023833
-0.022566
-0.024138
-0.024596
-0.020753
-0.019897
-0.021576
-0.023476
-0.020082
-0.019611
-0.022171
-0.020874
-0.020666
-0.024109
-0.030024
-0.033013
-0.030344
-0.029406
-0.031011
-0.039835
-0.033429
-0.029998
-0.029120
-0.030300
-0.033016
-0.036371
-0.030200
-0.029536
-0.030617
-0.033228
-0.037174
-0.033101
-0.034518
-0.037515
-0.042990
-0.028903
-0.029140
-0.030240
-0.032637
-0.036725
-0.027090
-0.026939
-0.027651
-0.029622
-0.032476
-0.025981
-0.026492
-0.026773
-0.024513
