-0.025560
-0.020866
-0.049890
-0.056979
-0.040488
-0.046991
-0.060121
-0.064376
-0.063138
-0.051354
-0.016125
-0.044970
-0.060645
-0.065395
-0.065595
-0.062694
-0.053478
-0.030304
-0.049374
-0.064906
-0.067046
-0.063152
-0.052470
-0.054931
-0.061211
-0.048464
-0.036492
 0.023367
 0.041155
 0.011775
 0.002667
-0.002211
 0.035267
 0.033479
 0.020073
-0.002765
 0.005737
 0.016201
 0.005164
 0.018785
 0.031363
 0.048461
 0.027103
 0.012255
 0.037908
 0.043632
 0.037166
 0.024796
 0.007791
 0.003632
 0.023314
 0.031073
 0.020334
 0.037214
 0.030058
 0.024653
 0.030423
 0.039338
 0.043032
-0.000949
 0.001603
 0.018747
 0.028454
 0.038722
 0.047489
 0.031274
 0.043114
 0.049514
 0.045949
 0.043411
 0.040217
 0.050452
 0.050471
 0.051809
-0.003983
 0.025842
 0.004424
-0.006376
 0.041320
 0.002007
 0.023877
 0.043469
-0.000569
-0.014626
-0.036442
-0.041469
-0.025559
-0.035925
-0.047445
-0.051277
-0.049139
-0.036907
-0.033189
-0.046858
-0.052513
-0.054059
-0.052772
-0.047285
-0.033952
-0.033228
-0.048370
-0.054106
-0.055015
-0.053064
-0.047598
-0.035460
-0.037338
-0.051324
-0.054200
-0.050954
-0.041226
-0.040951
-0.046815
-0.036736
-0.027152
 0.022055
 0.033708
 0.013038
 0.005059
-0.000014
 0.032774
 0.038772
 0.038994
 0.027092
 0.014102
 0.005463
-0.006740
 0.008017
 0.014438
 0.023873
 0.025363
-0.002812
 0.006326
 0.018557
 0.019342
 0.023208
 0.011801
 0.045055
 0.032906
 0.021122
 0.009769
-0.010442
 0.030416
 0.032851
 0.028565
 0.018835
 0.007590
-0.000514
 0.009781
 0.021003
 0.024013
 0.015040
 0.029307
 0.025509
 0.020187
 0.021437
 0.027989
 0.033577
 0.033773
 0.003051
 0.001543
 0.011578
 0.021420
 0.028436
-0.005272
 0.010185
 0.039228
 0.040621
 0.036224
 0.030578
 0.034204
 0.040657
 0.041994
 0.038473
 0.040993
 0.036995
 0.042677
 0.042995
 0.038083
 0.044864
-0.006277
 0.015683
 0.000363
 0.003626
 0.001871
-0.000319
 0.018419
-0.001829
-0.028162
-0.032154
-0.017153
-0.027128
-0.037513
-0.041704
-0.041259
-0.034862
-0.017739
-0.025053
-0.037229
-0.043057
-0.045135
-0.044690
-0.041387
-0.033434
-0.018682
-0.024737
-0.038182
-0.044290
-0.046116
-0.045297
-0.041926
-0.034613
-0.021044
-0.027579
-0.040399
-0.044593
-0.043605
-0.038205
-0.026303
-0.032371
-0.037707
-0.029058
-0.020703
 0.019789
 0.027928
 0.013359
 0.006607
 0.001979
 0.028838
 0.031960
 0.031031
 0.023099
 0.012145
 0.004005
-0.006073
 0.016633
 0.023228
 0.031754
 0.023128
 0.016909
-0.000541
 0.007521
 0.015624
 0.026505
 0.027077
 0.006350
 0.016761
 0.018646
 0.031277
 0.019295
 0.038667
 0.028030
 0.017342
 0.007523
 0.027820
 0.028401
 0.024033
 0.015034
 0.004123
-0.003807
 0.006183
 0.017256
 0.020119
 0.011386
 0.023676
 0.021015
 0.015170
 0.015708
 0.022151
 0.027879
 0.028489
-0.004930
 0.001753
 0.012060
 0.019659
 0.026126
 0.034199
 0.034315
 0.030330
 0.031302
 0.035159
 0.035463
 0.032385
 0.033281
 0.036608
 0.036496
 0.038317
-0.005650
-0.002292
 0.015116
 0.002069
-0.018775
 0.026000
 0.002407
-0.018182
 0.001658
 0.014797
-0.001154
 0.014229
-0.015365
-0.002138
-0.020649
-0.023551
-0.019889
-0.028549
-0.032756
-0.033233
-0.029583
-0.019649
-0.019057
-0.029039
-0.034618
-0.037119
-0.037356
-0.035299
-0.030028
-0.020023
-0.017259
-0.028315
-0.034712
-0.037914
-0.038986
-0.038445
-0.036214
-0.031659
-0.023832
-0.018279
-0.030046
-0.036217
-0.038674
-0.038653
-0.036563
-0.031951
-0.023681
-0.020119
-0.031017
-0.035769
-0.036275
-0.033395
-0.026656
-0.025120
-0.029662
-0.022745
-0.016197
 0.017326
 0.023313
 0.012885
 0.007184
 0.003064
 0.024753
 0.026713
 0.025623
 0.020024
 0.011169
 0.004550
-0.002909
 0.018463
 0.023309
 0.028067
 0.026246
 0.018853
 0.012951
 0.006027
-0.003030
 0.005839
 0.011868
 0.018412
 0.025963
 0.020825
 0.017964
-0.010666
 0.001009
 0.008379
 0.016169
 0.025229
 0.001627
 0.009897
 0.018686
 0.030438
 0.017066
 0.026345
 0.033072
 0.015552
 0.007092
 0.033000
 0.028551
 0.022207
 0.013943
 0.005632
-0.007116
 0.021902
 0.022679
 0.019509
 0.011832
 0.002926
-0.002981
 0.004530
 0.013637
 0.016114
 0.008761
 0.019510
 0.018139
 0.012998
 0.013113
 0.018332
 0.023202
 0.023754
-0.001143
 0.003359
 0.010975
 0.017388
 0.022816
-0.002625
 0.007727
 0.029414
 0.028713
 0.030430
 0.029701
 0.026459
 0.028118
 0.030830
 0.031091
 0.029216
 0.028881
 0.031794
 0.032424
-0.002151
 0.010880
 0.000631
-0.014569
 0.013469
 0.002382
-0.013521
-0.009241
 0.022650
 0.002748
-0.014330
-0.006528
 0.006180
 0.016546
-0.001415
 0.011083
-0.011674
-0.002156
