396.184352
390.527547
423.137419
416.389860
423.102680
367.108249
347.718492
332.350212
362.567308
386.561602
364.159930
373.377909
357.148625
394.217395
360.254791
332.025248
343.683196
392.436605
365.819049
349.863702
420.272568
368.020659
346.824274
396.695221
372.477582
369.746704
396.470146
410.798885
397.910721
404.148829
406.242802
397.245813
434.443647
416.888076
435.989014
406.334392
373.101651
416.560115
363.691183
366.471400
468.607925
440.731923
306.577249
255.108276
287.635078
279.157080
232.852941
241.559956
217.291669
253.950959
212.338028
220.423212
214.261630
215.526108
222.618314
239.196833
221.511812
213.421679
222.512910
234.900323
250.946547
223.324857
234.978606
325.149889
273.228913
286.658157
255.486250
235.815514
266.620109
241.182875
224.200967
258.886658
231.684775
339.960449
273.059099
308.598948
296.279910
235.111369
250.492726
290.146247
240.426311
233.440075
251.086355
251.510500
266.300109
290.207265
292.119148
275.284842
260.162919
244.991542
243.806972
256.425325
259.805924
249.568474
247.416195
342.888860
276.406721
293.923543
325.909564
254.909294
265.566456
284.846754
318.902899
250.925041
404.666339
369.031265
393.449272
344.002905
325.438575
348.923164
316.928837
302.680621
309.581174
292.550304
379.587802
399.594613
329.676046
347.460325
381.094853
385.487229
350.962951
309.407491
324.504234
324.117161
308.438038
380.036877
414.376606
407.165864
350.552752
357.734090
417.737303
370.251792
350.228521
357.822156
378.785918
360.950560
354.302290
336.149891
342.149695
366.077115
338.091670
340.167511
360.816201
380.966920
370.823641
359.924436
359.181028
409.083545
365.932272
369.259348
366.405156
363.378994
365.787912
367.172215
406.598238
406.745840
384.714413
395.781286
355.433894
365.812777
353.112192
365.946433
364.798666
357.537437
382.444426
415.479816
401.301831
371.021775
360.397511
418.388058
415.218863
430.189069
434.476600
419.009577
416.559077
408.329576
407.745467
410.685226
416.846789
375.109719
364.380749
353.157473
337.566573
342.305032
402.101564
357.347070
338.392299
337.653840
377.705744
350.182699
393.810274
371.400618
377.518252
347.171465
347.060328
386.344976
381.361668
354.151569
342.874911
340.561406
347.477459
378.408591
347.146467
343.716273
363.368393
356.361727
341.899804
345.272166
366.427778
422.834549
366.485150
355.006931
384.868042
390.810856
367.345687
363.628744
378.964787
375.796648
354.087705
336.533890
394.877210
344.034000
326.914541
319.647995
348.775637
331.606532
331.628921
338.489378
354.434883
351.728618
377.365162
360.355512
319.671077
326.670698
347.742181
321.390493
335.488866
369.395789
338.165329
330.244183
351.807279
343.457752
356.032024
346.983837
355.561887
373.298421
367.357835
383.800460
379.612936
377.825298
383.809590
377.471702
406.714784
403.521031
374.084650
374.408623
384.953259
352.891849
334.907754
333.357333
334.077861
343.194038
365.370619
334.186040
418.128797
288.421848
300.221450
239.621402
239.963133
249.371932
268.602209
209.117062
216.269047
234.990596
210.382572
260.620686
216.732521
244.125612
206.750698
214.660793
201.887328
207.389794
219.965902
208.494285
201.565967
203.948062
210.101898
223.560039
209.542065
203.106611
210.195860
219.525613
228.205195
211.778413
223.339341
303.847525
267.673967
272.575574
245.921099
231.781804
267.131285
241.543644
224.757881
215.752603
270.393172
241.613919
222.543863
212.752721
238.484105
221.133186
270.514054
294.550391
287.006793
234.807525
247.092406
278.964853
262.824401
239.156007
215.815087
224.397189
246.754226
234.619112
235.246590
245.048057
261.640188
271.953330
265.404523
252.323653
241.941836
241.101480
230.071601
229.650531
237.255790
244.932466
240.812395
233.393267
232.597937
274.773389
289.489826
322.293073
248.528386
254.820142
268.905547
291.644252
326.348618
238.615259
243.751331
257.767608
281.366896
239.285879
250.390952
372.172939
333.414132
321.384475
347.469610
313.949391
297.966609
297.143461
310.421981
289.034169
280.952539
286.044059
278.490052
400.118132
336.933314
354.598609
312.265144
331.343366
345.877804
335.116507
297.631674
305.009057
299.621222
292.042150
370.710206
331.985680
340.461454
352.676133
334.706038
349.868945
326.466379
347.873392
369.737561
321.109365
322.611153
340.483850
314.059541
312.280874
320.917325
343.059350
321.319339
332.798415
369.608057
344.685471
331.875483
333.660425
360.484353
337.098934
335.606123
335.084612
335.785628
338.103330
335.494094
356.249646
356.836300
358.192298
348.311984
352.647594
328.237698
336.999767
329.411024
332.417559
337.751848
331.606320
331.610881
342.007367
362.545862
369.544757
351.900370
336.699329
336.461491
358.620049
359.184085
381.741119
386.468455
392.745546
389.641284
382.174634
379.217891
376.755151
376.416234
341.027292
321.643406
320.229846
351.336718
325.204271
312.675265
311.817221
326.696699
347.663100
322.788055
315.363080
326.192185
373.194403
337.444638
340.503061
378.462093
347.951690
363.468375
330.243736
321.235489
332.227855
376.546329
361.638990
333.017186
319.072718
314.188762
317.051133
331.269287
370.365538
330.719929
324.854605
326.238105
334.731871
326.898373
330.590969
324.849581
315.976982
318.877303
333.962439
367.292683
342.987171
322.729219
319.137671
328.909132
356.617779
362.026628
336.032543
340.075445
376.654464
371.590178
340.383811
341.881808
348.958018
350.017270
355.416636
366.633237
341.193889
319.002617
370.031077
323.531743
309.694498
320.799053
308.600286
320.856831
349.396798
335.990954
330.088114
322.090626
328.985821
353.270919
346.511410
306.296770
310.766395
327.796134
304.073599
314.830047
347.143686
321.001204
315.647153
324.346350
332.883065
318.586981
349.670275
327.493379
334.544162
346.849723
335.685845
351.094208
370.913615
351.507590
360.863315
349.859720
366.386514
358.801666
378.341699
375.400634
353.254278
338.529044
312.742435
322.339939
346.852454
307.917586
305.769865
311.778049
322.617273
287.336373
276.052023
265.759253
227.012855
227.474320
236.601682
253.091582
207.668819
208.570091
216.564440
239.329162
204.259755
198.577115
202.858762
248.173729
223.887598
208.646350
193.137495
198.267775
210.081289
193.317211
193.428789
198.989507
211.313510
199.781767
193.300339
199.479365
209.416757
220.795868
202.391758
213.957631
301.877675
262.458020
294.157520
255.828114
233.746985
223.452027
249.210705
227.139516
213.425972
207.401181
251.411505
226.459212
210.882409
204.773648
231.500955
213.727728
261.405587
285.991960
279.461709
225.990561
236.111023
262.737189
249.807603
229.915699
216.032700
234.782621
225.069729
225.425549
233.445803
247.971095
262.403585
263.475007
252.509284
239.672242
230.844241
218.538387
218.670988
226.852125
234.562673
229.842820
221.868639
220.902128
263.739126
274.331275
300.811395
237.686126
241.679988
253.337854
273.355629
304.308752
228.455838
231.209001
242.851724
263.249595
344.776861
315.699014
309.502754
321.285983
294.263182
282.506578
319.198012
288.622693
271.992704
268.092487
273.853188
266.595586
324.145972
333.022918
294.316550
308.443449
326.230177
329.523958
314.574119
282.661767
289.898884
285.679702
353.234584
312.970519
321.186855
329.606846
314.719770
326.494307
306.341952
332.152670
305.075095
303.593308
316.813728
297.340369
293.712220
299.795670
317.506104
353.219825
310.193785
337.629704
323.470258
309.316811
312.782087
340.262100
314.935512
312.857618
313.606039
316.116323
327.826116
315.589378
312.762892
334.726994
336.327128
339.266262
328.249659
331.419782
306.429554
316.830634
309.522882
311.255038
315.428387
309.427513
310.465103
319.441829
335.126994
349.677523
341.616406
323.889048
314.488291
319.502261
358.459773
360.105088
360.019293
366.536105
369.067768
362.950443
359.629629
354.371287
351.514960
351.944314
330.376779
307.332220
300.079117
309.549894
341.648131
312.151278
296.394905
291.521655
298.130946
338.762432
309.361722
297.352913
299.822344
358.942062
320.222934
323.530080
364.698689
328.334516
344.706087
310.089354
300.627693
312.484684
320.025559
303.048073
294.999675
294.239401
301.272125
320.738210
306.159352
304.705931
309.876432
307.926417
318.930567
298.990795
296.061933
303.178810
322.456019
359.939425
309.692560
299.134916
300.889973
315.169613
347.912597
345.046841
316.873143
320.846107
360.442992
355.133271
324.889087
330.084119
334.497346
329.633332
305.247767
332.252553
304.894745
293.871678
300.804462
291.789322
293.870253
305.473720
317.622655
307.321795
303.304978
302.713610
309.016022
314.631893
321.249579
291.851912
294.895536
307.790917
289.762109
293.177181
311.729095
301.320401
301.772884
299.941449
310.616102
326.574373
306.116782
299.401990
319.689913
312.500488
313.698588
314.299152
327.096612
334.429125
333.881488
336.462498
336.412789
333.520393
331.082648
340.552498
347.503908
342.953549
333.934716
307.148521
297.663704
297.867606
311.648687
284.511659
284.940475
287.864378
301.740244
318.155416
285.481204
287.388814
292.428165
305.351344
342.008603
300.702506
269.975194
258.544900
284.149174
217.391009
249.600972
243.712283
215.719879
216.903663
253.361742
216.413878
207.607946
193.968001
199.387587
211.042249
232.144338
199.368030
193.637679
221.847425
192.947463
193.932894
214.804677
201.236770
188.768447
193.726746
205.627687
189.590467
184.441298
188.838793
198.543946
215.884971
189.736507
184.523873
185.721287
190.954618
202.700020
192.859553
186.092155
192.056179
201.312266
212.748597
195.549058
205.838046
264.480023
296.093207
256.012438
233.572832
273.628559
241.234433
221.304405
209.561694
254.369054
227.739790
210.766901
200.756204
239.461210
216.803798
203.079225
260.393235
283.553370
278.743679
225.979366
235.589718
261.628827
250.757644
230.422781
206.973669
213.380304
229.637173
259.951923
212.621416
214.001993
221.439702
233.468610
244.502399
245.545398
236.986725
226.232215
218.497064
208.297804
209.096609
216.415183
222.726315
218.647234
211.492881
211.081495
266.427272
277.164948
236.577755
239.939354
250.999817
270.939110
302.058982
223.381710
224.183507
231.964422
246.483704
269.261351
219.083778
220.386328
230.651128
316.839665
310.947826
312.211755
288.512736
279.671192
320.535307
287.655997
269.430772
262.570670
272.972710
258.148043
254.662984
263.100211
337.198058
299.274556
315.797003
275.826440
286.179294
298.444634
300.937525
291.803295
268.145148
273.561671
271.378404
303.426296
311.880172
323.070729
306.622682
337.680318
310.244188
293.433093
325.041033
296.856297
294.478524
307.410247
284.969636
279.917609
284.322642
298.723784
327.185452
279.851537
282.659564
295.423947
322.573661
324.095670
305.504389
291.415856
295.962417
297.219821
291.306146
292.709122
296.986016
296.506564
291.909377
303.715008
305.434030
308.317005
305.497879
301.748102
302.124536
324.763669
288.211038
296.467277
291.565234
291.988504
294.294110
290.083045
291.485824
299.123738
308.926874
317.603057
312.488425
300.648284
294.459871
299.159662
318.046265
306.275871
353.668736
338.651597
335.447848
338.736189
340.202743
337.044076
337.159260
333.805870
329.945153
331.434334
296.679875
289.897053
301.907634
284.623816
277.475076
279.934973
304.862328
285.463900
276.744587
277.344625
328.944178
298.183105
285.548957
287.415074
347.548151
309.906193
312.419290
311.188199
325.835488
294.518973
285.660025
297.313344
330.449069
301.469756
285.309048
277.760551
277.481679
285.150567
304.881246
293.505766
283.828270
280.184846
281.974441
289.508138
283.337717
283.597835
293.574873
315.806485
284.601687
278.600289
280.870203
291.849758
314.538131
294.294534
284.919310
287.310464
302.218185
335.312461
304.145809
308.155023
345.897013
340.287982
